Residue Name_Aspartate,Residue Name_Glutamate,Residue Name_Histidine,Residue Name_Lysine,Residue Name_Cysteine,Residue Name_Tyrosine,atom_label,recalculated_x,recalculated_y,recalculated_z,Dipole_X,Dipole_Y,Dipole_Z,Perm_Charge,Perm_DipX,Perm_DipY,Perm_DipZ,Perm_QuadXX,Perm_QuadXY,Perm_QuadYY,Perm_QuadXZ,Perm_QuadYZ,Perm_QuadZZ,Number of H-Bonds as donor,Number of H-Bonds as acceptor,SASA_Value,is_protonated,pH,Radius_8A_N_Count,Radius_8A_CA_C_Count,Radius_8A_O_Count,Radius_8A_S_Count,Expt. pKa
1.0,0.0,0.0,0.0,0.0,0.0,2,1.5437839874801136,1.1102230246251565e-16,0.0,-0.0764775760582378,-0.056238359416601214,-0.007744060943086245,0.8101,-0.02021055,0.11049891,0.05547791,-0.06534422,0.04303165,0.02231257,0.02419744,-0.05475955,-0.03781122,0.0,0.0,0.0,0.0,,0.375,0.4090909090909091,0.4090909090909091,0.0,4.3
1.0,0.0,0.0,0.0,0.0,0.0,1,0.0,0.0,0.0,-0.14330619796174673,0.052532110417751826,0.041940942040187695,-0.17302,0.05587934,0.00989551,-0.12025832,-0.08643585,0.07743769,0.00899816,-0.03629743,-0.04835511,0.09903795,0.0,0.0,0.0,0.0,,0.3333333333333333,0.38636363636363635,0.4090909090909091,0.0,4.3
1.0,0.0,0.0,0.0,0.0,0.0,5,-0.48855928427597684,0.8514429813213042,1.2160216590613988,-0.05140383382880648,0.11440383643763181,-0.08908922645268863,-0.33682,-0.13744837,0.02117776,-0.15907933,-0.11019824,-0.07457373,0.18477197,-0.01323568,0.13402753,-0.03212104,0.0,0.0,0.006289730779826641,0.0,,0.29166666666666663,0.34090909090909094,0.4090909090909091,0.0,4.3
1.0,0.0,0.0,0.0,0.0,0.0,5,-0.25196918944270846,0.3208458563648303,2.614289093429628,-0.04097656009715213,0.08073402586668657,-0.08490478548782666,1.01811,-0.08135303,0.00480479,-0.0031793,0.0,0.0,0.0,0.0,0.0,0.0,0.0,0.0,0.006289730779826641,0.0,,0.29166666666666663,0.3181818181818182,0.36363636363636365,0.0,4.3
1.0,0.0,0.0,0.0,0.0,0.0,4,-0.9214948539024959,-1.6461098015524303,0.9335506175158554,-0.014623749989044865,-0.0048154980106575596,0.05083885010105818,0.12044,0.06481007,-0.03161603,0.01289476,-0.00508328,-0.01092695,0.01601023,0.02327267,0.01592386,-0.00117231,0.0,0.0,0.0,0.0,,0.0,0.0,0.0,0.0,4.3
1.0,0.0,0.0,0.0,0.0,0.0,4,-0.28366339044285566,0.5247395446334104,-0.9433665730883107,-0.013529253075161264,0.03464697619362297,-0.07351063348020721,0.08514,0.02960934,-0.00151737,0.01161684,-0.00985244,-0.00165132,0.01150376,-9.373e-05,0.00108003,-0.00159839,0.0,0.0,0.11857417225837708,0.0,,0.0,0.0,0.0,0.0,4.3
1.0,0.0,0.0,0.0,0.0,0.0,7,-1.5850287474441878,1.0277369631378568,1.107462236094615,-0.03235245819042633,0.002870573268533667,-0.025346072399511848,0.04965,-0.00181977,-0.0688406,0.03561695,0.03076912,-0.03229272,0.00152361,-0.01598259,0.00864623,0.02334256,0.0,0.0,0.07167543470859528,0.0,,0.0,0.0,0.0,0.0,4.3
1.0,0.0,0.0,0.0,0.0,0.0,7,-0.023825872206406862,1.864688237709912,1.1465025529670267,0.022843418182852637,0.03242933456291864,-0.028173756552272326,0.04965,0.00131152,0.05953165,0.04965047,0.03206772,-0.0221714,-0.00989632,0.01094426,0.01039808,-0.02888243,0.0,0.0,0.16193337738513947,0.0,,0.0,0.0,0.0,0.0,4.3
1.0,0.0,0.0,0.0,0.0,0.0,0,-0.6478373970133458,-1.3137732411069931,-0.002361775221980278,-0.03424356009566456,0.008885743014958432,0.05184188372380509,-0.15418,-0.01462743,0.17124505,0.164374,0.00234133,0.04110854,-0.04344987,-0.1747662,0.03716625,0.23308165,1.0,0.0,0.0,0.0,,0.4583333333333333,0.4772727272727273,0.4545454545454546,0.0,4.3
1.0,0.0,0.0,0.0,0.0,0.0,3,2.1563586790622042,1.072642646566462,1.3877787807814457e-17,-0.021937845517675622,-0.04104500855803547,-0.0018633691947636585,-0.75149,-0.01762091,0.06848355,0.04538688,0.04367528,0.01865954,-0.06233481,-0.04342916,0.06927163,0.08744808,0.0,0.0,0.23661386966705322,0.0,,0.25,0.34090909090909094,0.36363636363636365,0.0,4.3
1.0,0.0,0.0,0.0,0.0,0.0,8,0.2782954114592641,-0.8098062561878081,2.7685170202474474,-0.04984126360553483,0.08187490960977797,-0.0865996871382823,-0.85879,0.06183516,-0.00279651,-0.00995955,0.0,0.0,0.0,0.0,0.0,0.0,0.0,3.0,0.0,0.0,,0.3333333333333333,0.36363636363636365,0.4090909090909091,0.0,4.3
1.0,0.0,0.0,0.0,0.0,0.0,8,-0.6132839877069858,1.0013299891254022,3.601848692449522,-0.02415958321402164,0.07678642598234385,0.014815354199400464,-0.85879,0.06077211,-0.0044448,0.01475109,0.0,0.0,0.0,0.0,0.0,0.0,0.0,0.0,0.21094349026679993,0.0,,0.29166666666666663,0.29545454545454547,0.3181818181818182,0.0,4.3
